0.00000000e+00
7.50000000e-02
1.50000000e-01
2.25000000e-01
3.00000000e-01
3.75000000e-01
4.50000000e-01
5.25000000e-01
6.00000000e-01
6.75000000e-01
7.50000000e-01
8.25000000e-01
9.00000000e-01
9.75000000e-01
1.05000000e+00
1.12500000e+00
1.20000000e+00
1.27500000e+00
1.35000000e+00
1.42500000e+00
1.50000000e+00
1.57500000e+00
1.65000000e+00
1.72500000e+00
1.80000000e+00
1.87500000e+00
1.95000000e+00
2.02500000e+00
2.10000000e+00
2.17500000e+00
2.25000000e+00
2.32500000e+00
2.40000000e+00
2.47500000e+00
2.55000000e+00
2.62500000e+00
2.70000000e+00
2.77500000e+00
2.85000000e+00
2.92500000e+00
3.00000000e+00
3.07500000e+00
3.15000000e+00
3.22500000e+00
3.30000000e+00
3.37500000e+00
3.45000000e+00
3.52500000e+00
3.60000000e+00
3.67500000e+00
3.75000000e+00
3.82500000e+00
3.90000000e+00
3.97500000e+00
4.05000000e+00
4.12500000e+00
4.20000000e+00
4.27500000e+00
4.35000000e+00
4.42500000e+00
4.50000000e+00
4.57500000e+00
4.65000000e+00
4.72500000e+00
4.80000000e+00
4.87500000e+00
4.95000000e+00
5.02500000e+00
5.10000000e+00
5.17500000e+00
5.25000000e+00
5.32500000e+00
5.40000000e+00
5.47500000e+00
5.55000000e+00
5.62500000e+00
5.70000000e+00
5.77500000e+00
5.85000000e+00
5.92500000e+00
6.00000000e+00
6.07500000e+00
6.15000000e+00
6.22500000e+00
6.30000000e+00
6.37500000e+00
6.45000000e+00
6.52500000e+00
6.60000000e+00
6.67500000e+00
6.75000000e+00
6.82500000e+00
6.90000000e+00
6.97500000e+00
7.05000000e+00
7.12500000e+00
7.20000000e+00
7.27500000e+00
7.35000000e+00
7.42500000e+00
7.50000000e+00
7.57500000e+00
7.65000000e+00
7.72500000e+00
7.80000000e+00
7.87500000e+00
7.95000000e+00
8.02500000e+00
8.10000000e+00
8.17500000e+00
8.25000000e+00
8.32500000e+00
8.40000000e+00
8.47500000e+00
8.55000000e+00
8.62500000e+00
8.70000000e+00
8.77500000e+00
8.85000000e+00
8.92500000e+00
9.00000000e+00
9.07500000e+00
9.15000000e+00
9.22500000e+00
9.30000000e+00
9.37500000e+00
9.45000000e+00
9.52500000e+00
9.60000000e+00
9.67500000e+00
9.75000000e+00
9.82500000e+00
9.90000000e+00
9.97500000e+00
1.00500000e+01
1.01250000e+01
1.02000000e+01
1.02750000e+01
1.03500000e+01
1.04250000e+01
1.05000000e+01
1.05750000e+01
1.06500000e+01
1.07250000e+01
1.08000000e+01
1.08750000e+01
1.09500000e+01
1.10250000e+01
1.11000000e+01
1.11750000e+01
1.12500000e+01
1.13250000e+01
1.14000000e+01
1.14750000e+01
1.15500000e+01
1.16250000e+01
1.17000000e+01
1.17750000e+01
1.18500000e+01
1.19250000e+01
1.20000000e+01
1.20750000e+01
1.21500000e+01
1.22250000e+01
1.23000000e+01
1.23750000e+01
1.24500000e+01
1.25250000e+01
1.26000000e+01
1.26750000e+01
1.27500000e+01
1.28250000e+01
1.29000000e+01
1.29750000e+01
1.30500000e+01
1.31250000e+01
1.32000000e+01
1.32750000e+01
1.33500000e+01
1.34250000e+01
1.35000000e+01
1.35750000e+01
1.36500000e+01
1.37250000e+01
1.38000000e+01
1.38750000e+01
1.39500000e+01
1.40250000e+01
1.41000000e+01
1.41750000e+01
1.42500000e+01
1.43250000e+01
1.44000000e+01
1.44750000e+01
1.45500000e+01
1.46250000e+01
1.47000000e+01
1.47750000e+01
1.48500000e+01
1.49250000e+01
1.50000000e+01
1.50750000e+01
1.51500000e+01
1.52250000e+01
1.53000000e+01
1.53750000e+01
1.54500000e+01
1.55250000e+01
1.56000000e+01
1.56750000e+01
1.57500000e+01
1.58250000e+01
1.59000000e+01
1.59750000e+01
1.60500000e+01
1.61250000e+01
1.62000000e+01
1.62750000e+01
1.63500000e+01
1.64250000e+01
1.65000000e+01
1.65750000e+01
1.66500000e+01
1.67250000e+01
1.68000000e+01
1.68750000e+01
1.69500000e+01
1.70250000e+01
1.71000000e+01
1.71750000e+01
1.72500000e+01
1.73250000e+01
1.74000000e+01
1.74750000e+01
1.75500000e+01
1.76250000e+01
1.77000000e+01
1.77750000e+01
1.78500000e+01
1.79250000e+01
1.80000000e+01
1.80750000e+01
1.81500000e+01
1.82250000e+01
1.83000000e+01
1.83750000e+01
1.84500000e+01
1.85250000e+01
1.86000000e+01
1.86750000e+01
1.87500000e+01
1.88250000e+01
1.89000000e+01
1.89750000e+01
1.90500000e+01
1.91250000e+01
1.92000000e+01
1.92750000e+01
1.93500000e+01
1.94250000e+01
1.95000000e+01
1.95750000e+01
1.96500000e+01
1.97250000e+01
1.98000000e+01
1.98750000e+01
1.99500000e+01
2.00250000e+01
2.01000000e+01
2.01750000e+01
2.02500000e+01
2.03250000e+01
2.04000000e+01
2.04750000e+01
2.05500000e+01
2.06250000e+01
2.07000000e+01
2.07750000e+01
2.08500000e+01
2.09250000e+01
2.10000000e+01
2.10750000e+01
2.11500000e+01
2.12250000e+01
2.13000000e+01
2.13750000e+01
2.14500000e+01
2.15250000e+01
2.16000000e+01
2.16750000e+01
2.17500000e+01
2.18250000e+01
2.19000000e+01
2.19750000e+01
2.20500000e+01
2.21250000e+01
2.22000000e+01
2.22750000e+01
2.23500000e+01
2.24250000e+01
2.25000000e+01
2.25750000e+01
2.26500000e+01
2.27250000e+01
2.28000000e+01
2.28750000e+01
2.29500000e+01
2.30250000e+01
2.31000000e+01
2.31750000e+01
2.32500000e+01
2.33250000e+01
2.34000000e+01
2.34750000e+01
2.35500000e+01
2.36250000e+01
2.37000000e+01
2.37750000e+01
2.38500000e+01
2.39250000e+01
2.40000000e+01
2.40750000e+01
2.41500000e+01
2.42250000e+01
2.43000000e+01
2.43750000e+01
2.44500000e+01
2.45250000e+01
2.46000000e+01
2.46750000e+01
2.47500000e+01
2.48250000e+01
2.49000000e+01
2.49750000e+01
2.50500000e+01
2.51250000e+01
2.52000000e+01
2.52750000e+01
2.53500000e+01
2.54250000e+01
2.55000000e+01
2.55750000e+01
2.56500000e+01
2.57250000e+01
2.58000000e+01
2.58750000e+01
2.59500000e+01
2.60250000e+01
2.61000000e+01
2.61750000e+01
2.62500000e+01
2.63250000e+01
2.64000000e+01
2.64750000e+01
2.65500000e+01
2.66250000e+01
2.67000000e+01
2.67750000e+01
2.68500000e+01
2.69250000e+01
2.70000000e+01
2.70750000e+01
2.71500000e+01
2.72250000e+01
2.73000000e+01
2.73750000e+01
2.74500000e+01
2.75250000e+01
2.76000000e+01
2.76750000e+01
2.77500000e+01
2.78250000e+01
2.79000000e+01
2.79750000e+01
2.80500000e+01
2.81250000e+01
2.82000000e+01
2.82750000e+01
2.83500000e+01
2.84250000e+01
2.85000000e+01
2.85750000e+01
2.86500000e+01
2.87250000e+01
2.88000000e+01
2.88750000e+01
2.89500000e+01
2.90250000e+01
2.91000000e+01
2.91750000e+01
2.92500000e+01
2.93250000e+01
2.94000000e+01
2.94750000e+01
2.95500000e+01
2.96250000e+01
2.97000000e+01
2.97750000e+01
2.98500000e+01
2.99250000e+01
3.00000000e+01
3.00750000e+01
3.01500000e+01
3.02250000e+01
3.03000000e+01
3.03750000e+01
3.04500000e+01
3.05250000e+01
3.06000000e+01
3.06750000e+01
3.07500000e+01
3.08250000e+01
3.09000000e+01
3.09750000e+01
3.10500000e+01
3.11250000e+01
3.12000000e+01
3.12750000e+01
3.13500000e+01
3.14250000e+01
3.15000000e+01
3.15750000e+01
3.16500000e+01
3.17250000e+01
3.18000000e+01
3.18750000e+01
3.19500000e+01
3.20250000e+01
3.21000000e+01
3.21750000e+01
3.22500000e+01
3.23250000e+01
3.24000000e+01
3.24750000e+01
3.25500000e+01
3.26250000e+01
3.27000000e+01
3.27750000e+01
3.28500000e+01
3.29250000e+01
3.30000000e+01
3.30750000e+01
3.31500000e+01
3.32250000e+01
3.33000000e+01
3.33750000e+01
3.34500000e+01
3.35250000e+01
3.36000000e+01
3.36750000e+01
3.37500000e+01
3.38250000e+01
3.39000000e+01
3.39750000e+01
3.40500000e+01
3.41250000e+01
3.42000000e+01
3.42750000e+01
3.43500000e+01
3.44250000e+01
3.45000000e+01
3.45750000e+01
3.46500000e+01
3.47250000e+01
3.48000000e+01
3.48750000e+01
3.49500000e+01
3.50250000e+01
3.51000000e+01
3.51750000e+01
3.52500000e+01
3.53250000e+01
3.54000000e+01
3.54750000e+01
3.55500000e+01
3.56250000e+01
3.57000000e+01
3.57750000e+01
3.58500000e+01
3.59250000e+01
3.60000000e+01
3.60750000e+01
3.61500000e+01
3.62250000e+01
3.63000000e+01
3.63750000e+01
3.64500000e+01
3.65250000e+01
3.66000000e+01
3.66750000e+01
3.67500000e+01
3.68250000e+01
3.69000000e+01
3.69750000e+01
3.70500000e+01
3.71250000e+01
3.72000000e+01
3.72750000e+01
3.73500000e+01
3.74250000e+01
3.75000000e+01
3.75750000e+01
3.76500000e+01
3.77250000e+01
