0
0
0
0
0
0
0.0000
1.000000E+6
D:\TomskDate\2008\Март\2008.03.04_19.18.asc
03.04.2008 19:18:04
01.01.1904 06:00:00
500
3806691
3792398
3739427
3020965
2448380
2160585
2196123
2437144
2256743
2448689
3482600
4704862
4535115
2967037
1460199
611997
252183
113014
58269
35402
24922
19587
17580
17291
17828
18411
20842
25719
29849
35827
37207
39016
51052
87923
131173
169513
213314
265456
324866
404138
498143
592832
698164
806225
961789
1131805
1313172
1503915
1731519
1970302
2201496
2448938
2679304
2899070
3119642
3343182
3563512
3776070
3956543
4093249
3875254
3240845
3060471
3070433
3025277
2874244
2605169
2410711
2339946
2141900
1891240
1959334
2240571
2332076
3180982
3489410
3828950
4674434
4644719
4428044
4815490
4487934
4261667
4100411
3955287
3828042
3698750
3569385
3448616
3340480
3213697
3081979
2953512
2882413
2780344
2669714
2553802
2448098
2345319
2250719
2161972
2068969
1985961
1911582
1839417
1768073
1702115
1632247
1565931
1511653
1451933
1388518
1323444
1265892
1216281
1170496
1139046
1104908
1055588
1016498
970002
921282
877985
843218
817607
789230
768550
735766
700604
672038
636836
606867
578998
554334
527505
506735
487255
467939
447712
429780
412425
394391
375081
359067
342562
327404
313697
300428
287344
274181
262599
252848
242838
232355
224273
215407
206671
199915
191796
184761
176949
170993
164495
158607
152880
146927
140594
135767
130656
125599
120456
115851
110977
106962
102596
98911
95203
92240
88601
84987
82245
78636
74938
72963
69307
67410
64818
62034
59723
57326
55468
53531
52471
50707
48649
47179
45438
44148
42400
41232
39262
37972
37123
35359
35097
33663
32182
30930
29993
29302
28410
27397
26508
25836
24331
24310
23498
21994
21798
21233
20329
19653
18819
18217
17883
16958
16607
16368
15689
15663
15110
14329
13915
13455
12824
12359
11918
11358
11477
11090
10454
10355
9889
9704
9616
9196
8921
8577
8377
8437
7731
7403
7087
7000
6692
6621
6531
6148
5967
5751
5743
5503
5413
5281
4914
4859
4593
4525
4558
4231
4078
4245
4106
3870
3770
3552
3599
3470
3287
3150
3279
3025
2874
2782
2841
2823
2674
2559
2490
2443
2371
2374
2182
2263
2162
1937
1951
1929
1875
1885
1765
1790
1779
1563
1633
1549
1485
1471
1466
1392
1376
1387
1312
1365
1284
1225
1187
1252
1229
1088
1134
984
1053
1066
1051
972
946
903
917
844
865
808
771
732
732
755
852
763
698
712
582
616
604
607
648
591
568
529
539
569
490
560
514
520
522
397
435
418
520
364
432
380
436
411
420
315
390
364
323
305
342
303
307
262
334
310
312
253
339
282
250
262
255
254
291
267
209
277
260
217
198
224
224
210
145
157
200
188
184
181
195
173
156
165
152
152
151
148
147
135
158
148
142
144
161
108
129
116
129
121
145
100
102
108
130
118
102
95
102
96
101
83
124
89
88
115
89
74
79
78
94
72
91
76
76
62
83
73
75
68
66
79
72
81
62
59
61
65
50
59
37
58
44
50
42
61
43
52
46
39
44
47
65
35
44
52
37
49
38
45
20
58
35
40
41
23
54
62
23
48
35
30
31
37
45
22
33
33
33
33
