0
0
0
0
0
0
0.0000
1.000000E+6
D:\TomskDate\2008\Февраль\19\1\2008.02.19_22.37.asc
01.01.1904 06:00:00
01.01.1904 06:00:00
500
3979520
4068570
4291489
4292812
4211057
3982825
3610557
3311779
2839115
1808929
392006
36259
8416
1264
83
30
27
38
66
180
415
739
1589
2186
2340
2226
2716
4387
7595
16008
33077
59168
92671
139123
200759
280124
374346
485980
613877
763574
940367
1130280
1330089
1542938
1757165
1973993
2208947
2415448
2642222
2851694
3042921
3248147
3411411
3547597
3675617
3780898
3859409
3915580
3952630
3968999
3990487
3989942
3974748
3943283
3891302
3833805
3764316
3682390
3596869
3503254
3400780
3301794
3200975
3099346
2998724
2896484
2793521
2688443
2587052
2486135
2390480
2297716
2211165
2118907
2029921
1941143
1858376
1778085
1701217
1630254
1559768
1492993
1433876
1373345
1315775
1255806
1202327
1151909
1103698
1056349
1010454
961838
917136
873783
836594
799125
768942
736079
704106
669847
636472
608269
579952
552537
530288
506841
484037
462217
443011
427998
413436
400337
385698
370276
355789
341422
326890
311944
299633
289237
277193
267244
257704
247010
237826
228840
220861
212005
203264
194510
187665
181430
173853
167235
161137
155560
149259
142588
135891
130289
125456
120541
115958
111502
106377
102073
98393
95286
91609
88668
85057
81392
78546
75520
72691
69533
67008
64371
62085
59582
57422
55216
53579
51822
49402
47681
46269
44346
42988
41055
39812
38330
37030
35311
34060
32751
31937
30775
29549
28862
27708
26748
25266
24947
23797
23025
22030
21265
20444
19800
19191
18526
17951
17193
16537
16343
15670
15434
14905
14286
13694
13153
13026
12398
12058
11756
11234
10763
10240
9973
9512
9378
8971
8841
8340
8218
8049
7851
7752
7401
7248
7109
6888
6657
6485
6384
6055
6048
5910
5614
5721
5310
5097
4956
4799
4786
4707
4484
4496
4218
4182
4089
3966
3718
3817
3684
3501
3468
3459
3262
3112
3135
2990
2917
2940
2793
2678
2732
2551
2438
2415
2368
2284
2274
2218
2132
2102
2043
2038
1995
1829
1891
1806
1665
1665
1670
1546
1592
1536
1477
1525
1400
1401
1406
1351
1278
1255
1159
1195
1148
1165
1193
1131
1089
1037
961
993
972
975
931
875
857
876
856
852
802
787
783
762
731
745
741
689
690
680
624
622
621
603
639
653
581
596
511
522
505
526
521
510
506
491
472
507
492
471
428
488
443
438
415
354
409
405
368
374
398
377
386
339
383
369
368
367
358
325
319
322
310
309
308
310
340
291
274
326
254
268
245
240
290
291
265
265
263
280
280
262
243
285
248
267
241
250
227
243
251
236
223
251
242
206
227
223
242
230
231
221
217
199
227
206
175
185
206
193
183
213
203
198
196
183
213
187
164
196
159
162
212
191
154
191
183
198
206
180
193
155
186
182
163
176
169
191
169
177
171
173
196
153
174
162
158
187
183
165
163
181
163
188
183
156
185
153
150
161
166
145
177
149
165
157
170
156
157
156
170
186
181
154
168
132
156
145
156
178
167
163
146
160
165
176
169
159
148
179
142
154
140
157
139
