0
0
0
0
0
0
0.0000
5.000000E+5
D:\TomskDate\2008\Март\25\2008.03.25_21.32.asc
01.01.1904 06:00:00
01.01.1904 06:00:00
300
21975137
15401432
13832854
11373708
12800930
30401864
74495483
136543255
195469941
240913796
262149315
263973131
262513335
264162270
248284665
213319372
185984420
169308874
139833434
128227645
118293859
110024994
115455141
148984831
135883128
123994625
124095113
116095827
85480978
56011068
49253927
40643593
34263778
29037457
25674267
22839610
20420124
18253975
16509046
14834103
13428569
12250018
11169104
10089917
9230802
8379377
7682615
7003911
6393034
5901914
5502382
4933757
4607841
4218763
3915226
3567104
3317224
3074947
2791714
2576050
2376197
2218942
2013473
1860711
1745189
1605992
1452193
1373824
1243872
1152889
1061285
977450
899502
837157
775305
721176
674803
624175
580889
535341
501165
466944
431435
400487
364872
334233
310603
288977
266018
251232
233693
212011
194336
183880
171263
159096
149886
139572
130298
122154
114028
105299
98388
90978
85068
79908
74488
69361
65874
61267
57114
53118
50400
46872
43746
40922
37466
35385
33119
30863
29912
27815
26039
24182
22813
21094
20318
18616
17682
16450
15233
14538
13481
12678
11993
11367
10525
10065
9313
8766
8212
7630
7392
6911
6702
6305
5932
5718
5616
5164
4764
4646
4326
4303
3834
3611
3501
3204
3167
2991
2841
2770
2566
2531
2356
2241
2019
2018
1861
1725
1771
1553
1571
1485
1362
1330
1424
1169
1091
1114
1097
1039
988
939
967
891
904
843
712
738
702
643
679
554
546
558
558
535
499
450
433
439
492
422
408
379
330
291
312
329
251
249
283
286
277
240
202
229
223
203
220
208
161
184
168
170
147
159
171
154
130
137
116
156
131
137
130
123
133
111
118
99
106
119
103
118
101
77
76
105
92
68
84
85
106
90
105
87
64
112
91
50
91
79
83
89
90
50
73
59
44
75
79
63
72
42
59
63
65
46
77
67
51
56
68
56
42
77
53
58
67
61
78
57
68
56
61
71
63
53
